#  Simulation  Temperature    Fraction     Fraction     Fraction
#   time [s]       [K]        Phase 0      Phase 1      Phase 2
#     -             -         PHASE_0      PHASE_1      PHASE_2
  0.00000       1000.10000   0.01694915   0.49152542   0.49152542
 6.250000E-03   1000.10000   0.03280952   0.48359524   0.48359524
 1.250000E-02   1000.10000   0.04911636   0.47544182   0.47544182
 1.875000E-02   1000.10000   0.06562363   0.46718818   0.46718818
 2.500000E-02   1000.10000   0.08223345   0.45888328   0.45888328
 3.125000E-02   1000.10000   0.09889189   0.45055405   0.45055405
 3.750000E-02   1000.10000   0.11557216   0.44221392   0.44221392
 4.375000E-02   1000.10000   0.13226255   0.43386873   0.43386873
 5.000000E-02   1000.10000   0.14895747   0.42552127   0.42552127
 5.625000E-02   1000.10000   0.16565421   0.41717289   0.41717289
 6.250000E-02   1000.10000   0.18235219   0.40882391   0.40882391
 6.875000E-02   1000.10000   0.19905017   0.40047491   0.40047491
 7.500000E-02   1000.10000   0.21574875   0.39212563   0.39212563
 8.125000E-02   1000.10000   0.23244700   0.38377650   0.38377650
 8.750000E-02   1000.10000   0.24914558   0.37542721   0.37542721
 9.375000E-02   1000.10000   0.26584397   0.36707801   0.36707801
 0.100000       1000.10000   0.28254243   0.35872878   0.35872878
 0.106250       1000.10000   0.29924100   0.35037950   0.35037950
 0.112500       1000.10000   0.31593934   0.34203033   0.34203033
 0.118750       1000.10000   0.33263806   0.33368097   0.33368097
 0.125000       1000.10000   0.34933636   0.32533182   0.32533182
 0.131250       1000.10000   0.36603509   0.31698246   0.31698246
 0.137500       1000.10000   0.38273343   0.30863328   0.30863328
 0.143750       1000.10000   0.39943203   0.30028398   0.30028398
 0.150000       1000.10000   0.41613048   0.29193476   0.29193476
 0.156250       1000.10000   0.43282894   0.28358553   0.28358553
 0.162500       1000.10000   0.44952753   0.27523624   0.27523624
 0.168750       1000.10000   0.46622589   0.26688706   0.26688706
 0.175000       1000.10000   0.48292461   0.25853769   0.25853769
 0.181250       1000.10000   0.49962294   0.25018853   0.25018853
 0.187500       1000.10000   0.51632167   0.24183917   0.24183917
 0.193750       1000.10000   0.53302002   0.23348999   0.23348999
 0.200000       1000.10000   0.54971861   0.22514069   0.22514069
 0.206250       1000.10000   0.56641706   0.21679147   0.21679147
 0.212500       1000.10000   0.58311553   0.20844223   0.20844223
 0.218750       1000.10000   0.59981413   0.20009294   0.20009294
 0.225000       1000.10000   0.61651248   0.19174376   0.19174376
 0.231250       1000.10000   0.63321119   0.18339440   0.18339440
 0.237500       1000.10000   0.64990950   0.17504525   0.17504525
 0.243750       1000.10000   0.66660823   0.16669589   0.16669589
 0.250000       1000.10000   0.68330657   0.15834672   0.15834672
